iter act fun |g| CG cg_time: line_search_time: time num_data f alpha 
 1 4.526e+03 3.136e+03 2.217e+02   3 0.000599 0.000418 0.001371 58479 3136.4574725825068526 1
 2 8.070e+02 2.329e+03 7.270e+01   5 0.000556 0.000418 0.002712 97044 2329.4891471053620080 1
 3 2.273e+02 2.102e+03 2.577e+01   5 0.000501 0.0004 0.003959 135619 2102.2021256020871078 1
 4 3.416e+01 2.068e+03 7.359e+00   5 0.000504 0.000444 0.005262 174484 2068.0461922387312370 1
 5 2.454e+00 2.066e+03 2.842e+00   5 0.000476 0.000386 0.006470 213029 2065.5921354444813005 1
 6 1.861e-01 2.065e+03 7.900e-01   5 0.000501 0.000433 0.007796 252004 2065.4060653013889350 1
 7 1.471e-02 2.065e+03 2.677e-01   5 0.000659 0.000622 0.009794 290789 2065.3913510341335495 1
 8 1.492e-03 2.065e+03 7.491e-02   5 0.001146 0.000681 0.012242 329294 2065.3898590368357873 1
 9 2.061e-04 2.065e+03 2.160e-02   5 0.000735 0.000423 0.013785 368089 2065.3896529224430196 1
10 2.454e-05 2.065e+03 6.245e-03   5 0.000656 0.000407 0.015218 406794 2065.3896283792928443 1
11 1.946e-06 2.065e+03 1.745e-03   5 0.000489 0.000418 0.016561 445539 2065.3896264329105179 1
