iter act fun |g| CG cg_time: line_search_time: time num_data f alpha 
 1 4.526e+03 3.136e+03 2.217e+02   3 0.000886 0.000502 0.001962 58479 3136.4574725825068526 1
 2 8.038e+02 2.333e+03 7.590e+01   5 0.000737 0.000505 0.003556 97044 2332.6197055858733620 1
 3 2.276e+02 2.105e+03 2.875e+01   5 0.000485 0.000404 0.004803 135619 2104.9977530175469838 1
 4 3.670e+01 2.068e+03 7.486e+00   5 0.000541 0.000391 0.006075 174484 2068.3007369264933004 1
 5 2.714e+00 2.066e+03 2.254e+00   5 0.000532 0.000395 0.007342 213029 2065.5865678943828243 1
 6 1.804e-01 2.065e+03 6.022e-01   5 0.000506 0.000477 0.008870 252004 2065.4061299351837988 1
 7 1.441e-02 2.065e+03 1.707e-01   5 0.000754 0.000534 0.010817 290789 2065.3917153133720603 1
 8 1.808e-03 2.065e+03 1.008e-01   5 0.00066 0.000393 0.012219 329294 2065.3899069431358839 1
 9 2.487e-04 2.065e+03 2.078e-02   5 0.000496 0.000389 0.013458 368089 2065.3896582259308161 1
10 2.754e-05 2.065e+03 8.976e-03   5 0.000507 0.000366 0.014683 406794 2065.3896306830556568 1
11 3.972e-06 2.065e+03 2.703e-03   5 0.000489 0.000365 0.015883 445539 2065.3896267108693792 1
