iter act fun |g| CG cg_time: line_search_time: time num_data f alpha 
 1 4.581e+03 3.082e+03 2.143e+02   3 0.002773 0.001768 0.008855 68673 3081.6068543716360182 1
 2 7.904e+02 2.291e+03 7.417e+01   5 0.00404 0.001184 0.015954 124188 2291.2374142290664167 1
 3 2.008e+02 2.090e+03 2.003e+01   5 0.000873 0.000535 0.018234 178893 2090.4774188209366912 1
 4 2.421e+01 2.066e+03 4.478e+00   5 0.000906 0.000437 0.020345 234238 2066.2683718259750094 1
 5 8.616e-01 2.065e+03 4.369e-01   5 0.000968 0.000512 0.022673 289553 2065.4068093966152446 1
 6 1.691e-02 2.065e+03 7.720e-02   7 0.00121 0.000541 0.025333 353980 2065.3899025504074416 1
 7 2.663e-04 2.065e+03 1.404e-02   6 0.001109 0.000546 0.027843 413965 2065.3896362533596402 1
 8 9.568e-06 2.065e+03 2.419e-03   6 0.000834 0.00043 0.029896 472978 2065.3896266849619678 1
 9 4.626e-07 2.065e+03 4.306e-04   7 0.001124 0.00101 0.033816 537195 2065.3896262224116072 1
10 8.527e-09 2.065e+03 7.625e-05   6 0.001483 0.00077 0.037405 596940 2065.3896262138846396 1
11 2.296e-10 2.065e+03 1.502e-05   5 0.001272 0.000727 0.040717 652435 2065.3896262136549922 1
