iter act fun |g| CG cg_time: line_search_time: time num_data f alpha 
 1 4.572e+03 3.090e+03 2.160e+02   3 0.00022 0.000351 0.000901 50772 3090.3497912645611905 1
 2 8.117e+02 2.279e+03 7.546e+01   5 0.000348 0.000401 0.001988 83892 2278.6223605691156990 1
 3 1.924e+02 2.086e+03 1.942e+01   5 0.000337 0.00039 0.003044 116672 2086.2314643052809515 1
 4 2.007e+01 2.066e+03 5.681e+00   5 0.000378 0.000403 0.004166 149952 2066.1638486845008629 1
 5 7.118e-01 2.065e+03 1.614e+00   5 0.000335 0.000391 0.005237 182692 2065.4520272430781915 1
 6 5.776e-02 2.065e+03 3.011e-01   5 0.000358 0.000369 0.006302 216212 2065.3942697487445912 1
 7 4.257e-03 2.065e+03 1.371e-01   5 0.000354 0.000365 0.007348 249662 2065.3900127831116151 1
 8 3.597e-04 2.065e+03 2.374e-02   5 0.000363 0.000363 0.008423 282642 2065.3896530881943363 1
 9 2.441e-05 2.065e+03 9.660e-03   5 0.000349 0.000362 0.009503 315762 2065.3896286802523719 1
10 2.321e-06 2.065e+03 1.763e-03   5 0.000365 0.000361 0.010558 349392 2065.3896263591082061 1
