iter act fun |g| CG cg_time: line_search_time: time num_data f alpha 
 1 4.172e+03 9.688e+03 2.012e+02   6 0.097254 0.064939 0.186661 122292 9688.4532037243388913 0.25
 2 2.454e+03 7.235e+03 2.154e+02   8 0.113844 0.061579 0.385688 205732 7234.8344787757532686 0.25
 3 4.322e+02 6.803e+03 1.342e+02   6 0.089352 0.082222 0.579348 308088 6802.6772586489732930 0.125
 4 2.652e+02 6.537e+03 2.021e+02   6 0.093881 0.061506 0.759773 390844 6537.4699336187350127 0.25
 5 1.728e+02 6.365e+03 1.077e+02   6 0.089868 0.08036 0.951537 493224 6364.6390493187400352 0.125
 6 2.934e+00 6.362e+03 2.069e+02   6 0.091563 0.060975 1.126973 575704 6361.7050630857684155 0.25
 7 1.119e+02 6.250e+03 1.169e+02   6 0.090622 0.080379 1.320903 677892 6249.7625489918782478 0.125
 8 6.421e+01 6.186e+03 7.021e+01   6 0.089469 0.081847 1.515606 780164 6185.5549320242416798 0.125
 9 4.222e+01 6.143e+03 3.859e+01   6 0.097623 0.079951 1.714479 882520 6143.3329606588313254 0.125
10 2.540e+01 6.118e+03 7.644e+01   6 0.0905 0.059357 1.888865 964760 6117.9372204289165893 0.25
11 1.614e+01 6.102e+03 5.783e+01   6 0.088897 0.080206 2.080783 1066756 6101.7962551490791157 0.125
12 1.762e+01 6.084e+03 2.572e+01   6 0.090863 0.081191 2.275089 1169124 6084.1776255725562805 0.125
13 8.104e+00 6.076e+03 4.542e+01   6 0.089583 0.0705 2.456313 1251436 6076.0739693303648892 0.25
14 7.018e+00 6.069e+03 2.869e+01   6 0.090422 0.082795 2.652146 1353624 6069.0558590807695509 0.125
15 4.872e+00 6.064e+03 1.705e+01   6 0.088958 0.080856 2.843417 1455848 6064.1835853626871540 0.125
16 2.312e+00 6.062e+03 2.964e+01   5 0.079059 0.059786 3.007546 1537872 6061.8717042625221438 0.25
17 2.826e+00 6.059e+03 1.797e+01   6 0.089834 0.082245 3.201676 1640048 6059.0459934553582571 0.125
18 1.886e+00 6.057e+03 1.021e+01   6 0.089539 0.081906 3.395552 1742368 6057.1600442752014715 0.125
19 3.961e-01 6.057e+03 2.087e+01   6 0.089886 0.071512 3.585688 1824500 6056.7639040702279090 0.25
20 1.361e+00 6.055e+03 1.136e+01   6 0.092143 0.086865 3.787169 1926772 6055.4026160490393522 0.125
21 7.628e-01 6.055e+03 5.761e+00   6 0.09347 0.084569 3.988412 2029080 6054.6398287994043130 0.125
22 2.595e-01 6.054e+03 1.173e+01   6 0.091476 0.064435 4.168418 2111272 6054.3802806293715548 0.25
23 5.530e-01 6.054e+03 3.758e+00   5 0.081262 0.080495 4.354821 2213622 6053.8272465175177786 0.125
24 1.846e-01 6.054e+03 6.868e+00   6 0.090348 0.061577 4.530469 2296018 6053.6426437015434203 0.25
25 1.931e-01 6.053e+03 3.315e+00   6 0.091106 0.081266 4.726809 2398326 6053.4495333140821458 0.125
26 3.476e-02 6.053e+03 5.953e+00   6 0.08929 0.061125 4.900247 2480722 6053.4147746445514713 0.25
27 1.338e-01 6.053e+03 2.027e+00   6 0.091486 0.080831 5.095309 2583414 6053.2809872318839552 0.125
28 3.986e-02 6.053e+03 3.389e+00   5 0.082548 0.061146 5.264245 2665668 6053.2411312335370894 0.25
29 4.028e-02 6.053e+03 1.920e+00   6 0.090133 0.080073 5.457248 2767916 6053.2008472826501020 0.125
30 2.539e-02 6.053e+03 1.155e+00   5 0.078106 0.080781 5.638306 2869776 6053.1754618457489414 0.125
31 9.670e-03 6.053e+03 2.228e+00   6 0.088545 0.062157 5.811737 2952064 6053.1657919107137786 0.25
32 1.797e-02 6.053e+03 1.049e+00   6 0.089885 0.080145 6.004598 3054408 6053.1478219414002524 0.125
33 8.474e-03 6.053e+03 6.121e-01   6 0.090639 0.081431 6.198129 3156596 6053.1393481124041500 0.125
34 5.934e-03 6.053e+03 1.038e+00   6 0.090155 0.061721 6.373491 3238944 6053.1334136487430442 0.25
35 4.894e-03 6.053e+03 4.422e-01   6 0.091244 0.080664 6.566325 3341288 6053.1285194151860196 0.125
36 1.936e-03 6.053e+03 8.203e-01   6 0.089389 0.061575 6.742406 3423708 6053.1265831555656405 0.25
37 2.707e-03 6.053e+03 3.448e-01   6 0.089912 0.080047 6.934231 3526088 6053.1238759955203932 0.125
38 7.381e-04 6.053e+03 5.994e-01   6 0.092862 0.061542 7.111180 3608664 6053.1231378774546101 0.25
39 1.362e-03 6.053e+03 2.644e-01   6 0.092689 0.080445 7.306250 3711164 6053.1217758342099842 0.125
40 2.948e-04 6.053e+03 4.513e-01   6 0.089864 0.061448 7.480038 3793608 6053.1214810194906022 0.25
41 6.265e-04 6.053e+03 2.540e-01   6 0.092266 0.082802 7.678205 3895916 6053.1208544772043751 0.125
42 4.102e-04 6.053e+03 9.780e-02   6 0.090067 0.080537 7.873102 3998344 6053.1204443209999226 0.125
43 2.537e-04 6.053e+03 1.835e-01   6 0.089823 0.061325 8.047317 4080644 6053.1201906045762371 0.25
44 1.574e-04 6.053e+03 1.014e-01   6 0.091666 0.081418 8.243381 4182952 6053.1200332007956604 0.125
45 7.345e-06 6.053e+03 2.084e-01   6 0.088917 0.06097 8.418378 4265204 6053.1200258553235471 0.25
46 1.414e-04 6.053e+03 8.855e-02   5 0.078938 0.07994 8.600154 4367284 6053.1198844958080372 0.125
47 5.925e-05 6.053e+03 4.740e-02   6 0.091192 0.079759 8.793357 4469628 6053.1198252440935903 0.125
48 2.249e-05 6.053e+03 1.060e-01   6 0.090013 0.061049 8.967628 4551748 6053.1198027508371524 0.25
49 3.914e-05 6.053e+03 5.349e-02   6 0.089363 0.081516 9.163215 4654224 6053.1197636130436877 0.125
50 1.948e-05 6.053e+03 3.028e-02   5 0.078502 0.079426 9.342845 4756224 6053.1197441348094799 0.125
51 1.292e-05 6.053e+03 4.913e-02   5 0.078293 0.06081 9.506895 4838358 6053.1197312132771913 0.25
52 1.056e-05 6.053e+03 2.612e-02   6 0.090734 0.081048 9.703217 4940738 6053.1197206495280625 0.125
53 6.068e-06 6.053e+03 1.503e-02   6 0.089429 0.079802 9.895237 5043058 6053.1197145819342040 0.125
54 5.345e-06 6.053e+03 2.228e-02   6 0.09138 0.060629 10.071135 5125706 6053.1197092365146091 0.25
55 2.715e-06 6.053e+03 1.310e-02   6 0.090468 0.081785 10.265825 5227858 6053.1197065210290020 0.125
56 1.144e-06 6.053e+03 2.325e-02   6 0.090711 0.061191 10.438655 5310278 6053.1197053775049426 0.25
57 2.229e-06 6.053e+03 8.085e-03   5 0.079131 0.081145 10.622327 5412448 6053.1197031483288811 0.125
58 4.608e-07 6.053e+03 1.696e-02   6 0.089541 0.061577 10.796331 5494736 6053.1197026875288429 0.25
59 9.707e-07 6.053e+03 8.390e-03   6 0.090171 0.080357 10.989894 5597104 6053.1197017168515231 0.125
60 2.049e-07 6.053e+03 1.277e-02   5 0.078119 0.061687 11.150416 5679368 6053.1197015119914795 0.25
61 6.110e-07 6.053e+03 4.661e-03   6 0.093092 0.079781 11.346151 5781904 6053.1197009009756584 0.125
62 1.443e-07 6.053e+03 8.368e-03   6 0.091379 0.06118 11.523805 5864312 6053.1197007566561297 0.25
63 2.186e-07 6.053e+03 4.882e-03   6 0.08971 0.079909 11.714511 5966416 6053.1197005380427072 0.125
64 1.434e-07 6.053e+03 2.413e-03   6 0.091373 0.081065 11.907558 6068784 6053.1197003946426776 0.125
65 6.322e-08 6.053e+03 4.715e-03   6 0.089349 0.061636 12.083633 6151096 6053.1197003314218819 0.25
66 8.121e-08 6.053e+03 2.311e-03   6 0.090432 0.0797 12.274968 6253404 6053.1197002502140094 0.125
67 4.143e-08 6.053e+03 1.193e-03   5 0.076562 0.082612 12.457069 6355364 6053.1197002087792498 0.125
