iter act fun |g| CG cg_time: line_search_time: time num_data f alpha 
 1 5.679e+03 8.181e+03 1.331e+02   5 0.119217 0.02273 0.161862 119940 8180.6906122822010730 1
 2 1.728e+03 6.452e+03 3.945e+01   5 0.130248 0.019461 0.331752 200018 6452.3877300708618350 1
 3 3.594e+02 6.093e+03 1.113e+01   5 0.12883 0.018535 0.501800 279646 6092.9961694041803639 1
 4 3.671e+01 6.056e+03 3.545e+00   5 0.130518 0.018502 0.670642 360384 6056.2903062338737072 1
 5 2.775e+00 6.054e+03 1.224e+00   5 0.128057 0.01898 0.837738 439612 6053.5157411010522992 1
 6 3.500e-01 6.053e+03 4.320e-01   5 0.131998 0.01829 1.008241 520280 6053.1657547494760365 1
 7 4.079e-02 6.053e+03 1.426e-01   5 0.125965 0.018807 1.172749 600418 6053.1249667475094611 1
 8 4.681e-03 6.053e+03 4.520e-02   5 0.132824 0.019294 1.344739 679956 6053.1202854359789853 1
 9 5.216e-04 6.053e+03 1.578e-02   5 0.130157 0.018704 1.513854 759784 6053.1197638266467038 1
10 5.629e-05 6.053e+03 6.045e-03   5 0.127561 0.018347 1.679786 839832 6053.1197075332074746 1
11 6.178e-06 6.053e+03 2.447e-03   5 0.128049 0.018371 1.845968 919780 6053.1197013548971881 1
12 1.075e-06 6.053e+03 9.591e-04   5 0.129389 0.018519 2.015519 999858 6053.1197002802155112 1
