iter act fun |g| CG cg_time: line_search_time: time num_data f alpha 
 1 5.679e+03 8.181e+03 1.331e+02   5 0.12612 0.025019 0.174158 119940 8180.6906122822010730 1
 2 1.723e+03 6.457e+03 4.164e+01   5 0.141803 0.019858 0.359231 200018 6457.4559659223359631 1
 3 3.599e+02 6.098e+03 1.196e+01   5 0.134964 0.020163 0.537689 279646 6097.5546203019111999 1
 4 4.063e+01 6.057e+03 4.549e+00   5 0.136823 0.019529 0.717248 360384 6056.9235246688367624 1
 5 3.293e+00 6.054e+03 1.585e+00   5 0.135034 0.019772 0.895786 439612 6053.6303410927230289 1
 6 4.559e-01 6.053e+03 5.025e-01   5 0.13571 0.01985 1.074779 520280 6053.1744382162396505 1
 7 4.909e-02 6.053e+03 1.532e-01   5 0.13283 0.01911 1.250022 600418 6053.1253518055737004 1
 8 5.067e-03 6.053e+03 5.417e-02   5 0.133928 0.019579 1.426312 679956 6053.1202851337466200 1
 9 5.245e-04 6.053e+03 1.918e-02   5 0.137702 0.020882 1.607569 759784 6053.1197606601017469 1
10 5.349e-05 6.053e+03 7.649e-03   5 0.13336 0.019399 1.782922 839832 6053.1197071732312907 1
11 6.035e-06 6.053e+03 2.817e-03   5 0.131388 0.02014 1.957626 919780 6053.1197011387021121 1
12 9.076e-07 6.053e+03 1.009e-03   5 0.135427 0.019435 2.135618 999858 6053.1197002311255346 1
