iter act fun |g| CG cg_time: line_search_time: time num_data f alpha 
 1 5.679e+03 8.181e+03 1.331e+02   5 0.107183 0.022573 0.166756 119940 8180.6906122822010730 1
 2 1.724e+03 6.456e+03 3.930e+01   5 0.102795 0.019268 0.332492 200018 6456.4034593881742694 1
 3 3.624e+02 6.094e+03 1.100e+01   5 0.111949 0.018399 0.502379 279646 6094.0240062917591786 1
 4 3.758e+01 6.056e+03 4.050e+00   5 0.121732 0.022326 0.689556 360384 6056.4448228745259257 1
 5 2.856e+00 6.054e+03 1.571e+00   5 0.115753 0.018673 0.862446 439612 6053.5887601156064193 1
 6 4.111e-01 6.053e+03 5.699e-01   5 0.108265 0.01862 1.026069 520280 6053.1776881800587944 1
 7 5.077e-02 6.053e+03 2.153e-01   5 0.100215 0.018617 1.181671 600418 6053.1269148608917021 1
 8 6.362e-03 6.053e+03 8.076e-02   5 0.099545 0.019186 1.337617 679956 6053.1205529031922197 1
 9 7.554e-04 6.053e+03 3.022e-02   5 0.10189 0.01867 1.494939 759784 6053.1197975249633600 1
10 8.502e-05 6.053e+03 1.228e-02   5 0.101618 0.018648 1.652119 839832 6053.1197125007884097 1
11 1.032e-05 6.053e+03 4.311e-03   5 0.104393 0.018625 1.813125 919780 6053.1197021808056888 1
12 1.800e-06 6.053e+03 1.695e-03   5 0.103289 0.018867 1.972336 999858 6053.1197003811021204 1
