iter act fun |g| CG cg_time: line_search_time: time num_data f alpha 
 1 1.530e+03 1.233e+04 1.364e+02   5 0.10691 0.024466 0.152865 99944 12330.0772715248986060 1
 2 5.070e+03 7.260e+03 1.574e+02   5 0.101227 0.021086 0.297126 160026 7260.1892576916088728 1
 3 7.564e+01 7.185e+03 1.388e+02   5 0.099386 0.021354 0.440424 219658 7184.5510747585640274 1
 4 3.387e+02 6.846e+03 1.827e+02   5 0.100453 0.021381 0.584774 280400 6845.8173082017974593 1
 5 5.797e+02 6.266e+03 2.971e+01   5 0.097898 0.040526 0.744310 359628 6266.1176590184595625 0.5
 6 1.701e+02 6.096e+03 1.937e+01   5 0.100798 0.020562 0.888912 420300 6096.0302298374299426 1
 7 2.946e+01 6.067e+03 1.408e+01   5 0.098949 0.020849 1.031579 480442 6066.5658688702878862 1
 8 8.361e+00 6.058e+03 1.229e+01   5 0.098388 0.020915 1.173983 539984 6058.2043966194460154 1
 9 2.568e+00 6.056e+03 1.303e+01   4 0.082729 0.02058 1.299964 595848 6055.6367399703576666 1
10 6.796e-01 6.055e+03 1.166e+01   4 0.082611 0.021002 1.425727 651888 6054.9571874696694067 1
11 5.275e-01 6.054e+03 9.843e+00   4 0.083742 0.021682 1.553454 707848 6054.4296884138811947 1
12 3.954e-01 6.054e+03 9.012e+00   4 0.084834 0.02382 1.684165 763912 6054.0342442784676678 1
13 1.840e-01 6.054e+03 8.053e+00   4 0.084374 0.020462 1.811769 819616 6053.8502669700492334 1
14 2.345e-01 6.054e+03 6.428e+00   4 0.084369 0.020842 1.939319 876208 6053.6157829730755111 1
15 1.452e-01 6.053e+03 5.795e+00   4 0.08222 0.02174 2.066725 931592 6053.4706054937314548 1
16 1.450e-01 6.053e+03 4.397e+00   3 0.069467 0.020525 2.179081 983992 6053.3256464592595876 1
17 2.619e-02 6.053e+03 4.106e+00   4 0.082278 0.02143 2.305101 1040104 6053.2994557300071392 1
18 2.583e-02 6.053e+03 3.657e+00   4 0.081584 0.020777 2.429709 1095736 6053.2736301026197907 1
19 2.770e-02 6.053e+03 3.463e+00   4 0.083365 0.020939 2.556606 1151600 6053.2459279105714813 1
20 2.296e-02 6.053e+03 3.033e+00   4 0.082128 0.021106 2.681992 1207640 6053.2229635968315051 1
21 1.999e-02 6.053e+03 2.716e+00   4 0.083949 0.021313 2.809533 1263600 6053.2029730099175140 1
22 1.557e-02 6.053e+03 2.517e+00   4 0.084401 0.020769 2.937631 1319664 6053.1874068337101562 1
23 1.075e-02 6.053e+03 2.307e+00   4 0.083807 0.020857 3.065056 1375368 6053.1766604318945610 1
24 1.469e-02 6.053e+03 1.897e+00   4 0.084124 0.021368 3.192871 1431960 6053.1619725244063375 1
25 1.052e-02 6.053e+03 1.715e+00   4 0.082693 0.021119 3.319587 1487344 6053.1514475709072940 1
26 1.331e-02 6.053e+03 1.289e+00   3 0.067129 0.02055 3.429072 1539744 6053.1381384083051671 1
27 2.664e-03 6.053e+03 1.204e+00   4 0.08559 0.021221 3.558372 1595856 6053.1354744369427863 1
28 2.672e-03 6.053e+03 1.056e+00   4 0.083876 0.022842 3.690302 1651488 6053.1328029207870713 1
29 2.832e-03 6.053e+03 9.876e-01   4 0.085704 0.020852 3.819895 1707352 6053.1299713712442099 1
30 2.061e-03 6.053e+03 8.607e-01   4 0.085224 0.021148 3.949344 1763392 6053.1279105039902788 1
31 1.574e-03 6.053e+03 7.740e-01   4 0.083025 0.021539 4.076668 1819352 6053.1263361246692511 1
32 1.218e-03 6.053e+03 7.157e-01   4 0.086279 0.021177 4.206910 1875416 6053.1251185894770970 1
33 8.640e-04 6.053e+03 6.540e-01   4 0.085249 0.020547 4.335746 1931120 6053.1242545999839422 1
34 1.169e-03 6.053e+03 5.382e-01   4 0.086058 0.020785 4.465633 1987712 6053.1230857039181501 1
35 8.288e-04 6.053e+03 4.873e-01   4 0.086022 0.020988 4.595412 2043096 6053.1222569334750006 1
36 1.065e-03 6.053e+03 3.667e-01   3 0.070227 0.020739 4.711411 2095496 6053.1211917512291620 1
37 2.125e-04 6.053e+03 3.427e-01   4 0.084098 0.020746 4.838800 2151608 6053.1209792243889751 1
38 2.152e-04 6.053e+03 3.007e-01   4 0.084728 0.020677 4.964036 2207240 6053.1207640350367001 1
39 2.321e-04 6.053e+03 2.808e-01   4 0.085002 0.021682 5.093048 2263104 6053.1205319643731855 1
40 1.682e-04 6.053e+03 2.446e-01   4 0.085647 0.021424 5.222382 2319144 6053.1203637926182637 1
41 1.276e-04 6.053e+03 2.199e-01   4 0.085926 0.020113 5.365311 2375104 6053.1202361618816212 1
42 9.847e-05 6.053e+03 2.034e-01   4 0.213136 0.04677 5.671866 2431168 6053.1201376930484912 1
43 6.985e-05 6.053e+03 1.858e-01   4 0.20105 0.045406 5.942854 2486872 6053.1200678469513150 1
44 9.446e-05 6.053e+03 1.529e-01   4 0.144379 0.073261 6.201978 2543464 6053.1199733853400176 1
45 6.687e-05 6.053e+03 1.385e-01   4 0.156838 0.062743 6.477015 2598848 6053.1199065168484594 1
46 8.601e-05 6.053e+03 1.042e-01   3 0.296864 0.082033 6.924012 2651248 6053.1198205054315622 1
47 1.713e-05 6.053e+03 9.737e-02   4 0.163668 0.030386 7.152330 2707360 6053.1198033725358982 1
48 1.736e-05 6.053e+03 8.543e-02   4 0.150501 0.046852 7.384881 2762992 6053.1197860167012550 1
49 1.876e-05 6.053e+03 7.978e-02   4 0.115708 0.021533 7.546625 2818856 6053.1197672604348554 1
50 1.358e-05 6.053e+03 6.950e-02   4 0.104308 0.021636 7.694780 2874896 6053.1197536835452411 1
51 1.030e-05 6.053e+03 6.249e-02   4 0.085351 0.021556 7.824495 2930856 6053.1197433869083397 1
52 7.945e-06 6.053e+03 5.778e-02   4 0.087529 0.021566 7.956379 2986920 6053.1197354414625806 1
53 5.643e-06 6.053e+03 5.280e-02   4 0.086556 0.02069 8.086998 3042624 6053.1197297987710044 1
54 7.627e-06 6.053e+03 4.344e-02   4 0.086863 0.020556 8.219226 3099216 6053.1197221722359245 1
55 5.397e-06 6.053e+03 3.934e-02   4 0.086922 0.020434 8.349545 3154600 6053.1197167748459833 1
56 6.944e-06 6.053e+03 2.959e-02   3 0.069958 0.021299 8.464167 3207000 6053.1197098312959497 1
57 1.387e-06 6.053e+03 2.766e-02   4 0.086013 0.021546 8.595265 3263112 6053.1197084444875145 1
58 1.398e-06 6.053e+03 2.427e-02   4 0.085224 0.021158 8.724346 3318744 6053.1197070462139891 1
59 1.512e-06 6.053e+03 2.267e-02   4 0.085835 0.021404 8.854757 3374608 6053.1197055344082401 1
60 1.099e-06 6.053e+03 1.974e-02   4 0.08511 0.021086 8.983870 3430648 6053.1197044357495542 1
61 8.288e-07 6.053e+03 1.775e-02   4 0.085941 0.020537 9.114167 3486608 6053.1197036069816022 1
62 6.445e-07 6.053e+03 1.642e-02   4 0.086663 0.020521 9.244908 3542672 6053.1197029624845527 1
63 4.548e-07 6.053e+03 1.500e-02   4 0.086083 0.020676 9.374759 3598376 6053.1197025076862701 1
64 6.144e-07 6.053e+03 1.234e-02   4 0.08596 0.021302 9.506040 3654968 6053.1197018933316940 1
65 4.392e-07 6.053e+03 1.118e-02   4 0.085815 0.022028 9.636530 3710352 6053.1197014541221506 1
66 5.551e-07 6.053e+03 8.408e-03   3 0.07156 0.020846 9.752224 3762752 6053.1197008990184258 1
67 1.143e-07 6.053e+03 7.860e-03   4 0.088611 0.022304 9.886436 3818864 6053.1197007847213172 1
68 1.156e-07 6.053e+03 6.896e-03   4 0.085827 0.021131 10.016175 3874496 6053.1197006691099887 1
69 1.210e-07 6.053e+03 6.439e-03   4 0.08549 0.021676 10.146427 3930360 6053.1197005481553788 1
70 8.658e-08 6.053e+03 5.610e-03   4 0.083812 0.020776 10.274316 3986400 6053.1197004615787591 1
71 6.614e-08 6.053e+03 5.044e-03   4 0.085608 0.021013 10.404209 4042360 6053.1197003954357569 1
72 5.587e-08 6.053e+03 4.664e-03   4 0.085966 0.021266 10.534759 4098424 6053.1197003395654974 1
73 3.408e-08 6.053e+03 4.262e-03   4 0.085164 0.021738 10.665208 4154128 6053.1197003054830930 1
74 5.029e-08 6.053e+03 3.507e-03   4 0.087236 0.02158 10.796725 4210720 6053.1197002551944024 1
75 3.556e-08 6.053e+03 3.175e-03   4 0.093689 0.023847 10.941848 4266104 6053.1197002196386165 1
76 4.588e-08 6.053e+03 2.389e-03   3 0.074786 0.02111 11.060654 4318504 6053.1197001737582468 1
77 6.143e-09 6.053e+03 2.233e-03   4 0.085799 0.021639 11.191032 4374616 6053.1197001676155196 1
78 1.206e-08 6.053e+03 1.959e-03   4 0.092558 0.021485 11.329565 4430248 6053.1197001555519819 1
