iter act fun |g| CG cg_time: line_search_time: time num_data f alpha 
 1 3.379e+01 1.534e+02 8.665e+01   7 1.3e-05 1.3e-05 0.000036 1518 153.3556941203463282 1
 2 3.919e+01 1.142e+02 3.227e+01   8 1.2e-05 1e-05 0.000067 2584 114.1623848231987921 1
 3 9.716e+00 1.044e+02 1.425e+01   8 1.1e-05 9e-06 0.000096 3634 104.4468400133980026 1
 4 3.120e+00 1.013e+02 1.363e+01   8 1.1e-05 9e-06 0.000125 4764 101.3266765320511524 1
 5 1.519e+00 9.981e+01 7.196e+00   8 1e-05 9e-06 0.000154 5782 99.8081407552699176 1
 6 1.238e+00 9.857e+01 3.211e+00   6 9e-06 1e-05 0.000183 6784 98.5705552369624911 1
 7 2.141e-01 9.836e+01 1.974e+00   7 1e-05 9e-06 0.000213 7790 98.3564257960693595 1
 8 6.806e-02 9.829e+01 1.574e+00   7 1.2e-05 1e-05 0.000245 8852 98.2883692890233789 1
 9 3.542e-02 9.825e+01 6.272e-01   7 1.1e-05 1e-05 0.000276 9872 98.2529514409962133 1
10 2.093e-02 9.823e+01 4.542e-01   8 1e-05 9e-06 0.000362 10890 98.2320178733105820 1
11 3.155e-03 9.823e+01 2.848e-01   8 1e-05 9e-06 0.000390 11908 98.2288624732519082 1
12 9.946e-04 9.823e+01 1.206e-01   7 9e-06 1e-05 0.000419 12844 98.2278678374347720 1
13 5.126e-04 9.823e+01 8.979e-02   8 9e-06 9e-06 0.000446 13814 98.2273552541254134 1
14 3.172e-04 9.823e+01 7.436e-02   8 1e-05 9e-06 0.000475 14768 98.2270380449711240 1
15 1.323e-04 9.823e+01 4.512e-02   7 9e-06 9e-06 0.000503 15760 98.2269057074331187 1
16 8.532e-05 9.823e+01 2.715e-02   7 1e-05 1e-05 0.000533 16794 98.2268203830954292 1
17 1.735e-05 9.823e+01 1.194e-02   8 1e-05 9e-06 0.000562 17828 98.2268030314606335 1
18 1.708e-06 9.823e+01 4.842e-03   7 9e-06 9e-06 0.000591 18792 98.2268013237507915 1
19 1.195e-06 9.823e+01 4.609e-03   8 1e-05 9e-06 0.000619 19810 98.2268001289943982 1
20 3.494e-07 9.823e+01 2.695e-03   8 1.8e-05 7e-06 0.000652 20780 98.2267997795614747 1
21 1.283e-07 9.823e+01 1.679e-03   7 7e-06 7e-06 0.000674 21758 98.2267996512925095 1
22 7.488e-08 9.823e+01 1.050e-03   8 8e-06 7e-06 0.000696 22824 98.2267995764135691 1
23 5.383e-08 9.823e+01 7.760e-04   8 8e-06 8e-06 0.000719 23874 98.2267995225844430 1
24 8.796e-09 9.823e+01 4.253e-04   7 8e-06 7e-06 0.000743 24964 98.2267995137880519 1
