iter act fun |g| CG cg_time: line_search_time: time num_data f alpha 
 1 3.379e+01 1.534e+02 8.665e+01   7 2e-05 1.1e-05 0.000038 1518 153.3556941203463282 1
 2 2.574e+01 1.276e+02 4.925e+01   8 8e-06 6e-06 0.000057 2584 127.6182220717929994 1
 3 1.971e+01 1.079e+02 1.782e+01   7 6e-06 6e-06 0.000075 3604 107.9048155814927981 1
 4 4.512e+00 1.034e+02 1.689e+01   8 7e-06 6e-06 0.000094 4734 103.3932147211405663 1
 5 1.565e+00 1.018e+02 1.385e+01   7 6e-06 6e-06 0.000111 5726 101.8284803822567142 1
 6 2.956e+00 9.887e+01 4.436e+00   5 5e-06 7e-06 0.000128 6696 98.8723306059594762 1
 7 1.768e-01 9.870e+01 4.313e+00   6 5e-06 6e-06 0.000144 7674 98.6955506794182895 1
 8 3.576e-01 9.834e+01 1.750e+00   5 6e-06 6e-06 0.000161 8664 98.3379115863206863 1
 9 6.559e-02 9.827e+01 1.113e+00   7 6e-06 6e-06 0.000177 9684 98.2723185145132021 1
10 2.240e-02 9.825e+01 8.893e-01   8 6e-06 5e-06 0.000194 10702 98.2499137537882632 1
11 1.044e-02 9.824e+01 6.913e-01   8 5e-06 5e-06 0.000210 11720 98.2394767410485628 1
12 4.707e-03 9.823e+01 5.035e-01   6 5e-06 5e-06 0.000226 12638 98.2347694227833301 1
13 5.509e-03 9.823e+01 3.117e-01   7 5e-06 6e-06 0.000241 13588 98.2292603295671967 1
14 1.402e-03 9.823e+01 2.943e-01   7 5e-06 5e-06 0.000257 14524 98.2278587576017799 1
15 5.495e-04 9.823e+01 1.659e-01   7 6e-06 5e-06 0.000273 15516 98.2273092523820139 1
16 3.179e-04 9.823e+01 1.232e-01   5 5e-06 5e-06 0.000289 16486 98.2269913973531033 1
17 1.419e-04 9.823e+01 4.588e-02   7 5e-06 6e-06 0.000304 17492 98.2268494977340936 1
18 2.200e-05 9.823e+01 2.850e-02   6 6e-06 6e-06 0.000320 18434 98.2268274969297437 1
19 1.094e-05 9.823e+01 2.289e-02   7 6e-06 5e-06 0.000336 19426 98.2268165596243534 1
20 1.001e-05 9.823e+01 1.571e-02   9 5e-06 5e-06 0.000352 20416 98.2268065506864616 1
21 2.447e-06 9.823e+01 1.124e-02   8 5e-06 5e-06 0.000368 21418 98.2268041039563542 1
22 2.386e-06 9.823e+01 8.139e-03   7 6e-06 5e-06 0.000385 22452 98.2268017175801305 1
23 1.808e-06 9.823e+01 3.614e-03   7 6e-06 5e-06 0.000402 23472 98.2267999092786397 1
24 1.670e-07 9.823e+01 3.657e-03   7 7e-06 5e-06 0.000419 24562 98.2267997422882218 1
25 1.035e-07 9.823e+01 2.247e-03   7 5e-06 5e-06 0.000435 25554 98.2267996388303573 1
26 6.894e-08 9.823e+01 1.782e-03   7 5e-06 5e-06 0.000451 26588 98.2267995698946521 1
27 3.919e-08 9.823e+01 8.566e-04   7 5e-06 5e-06 0.000467 27594 98.2267995306999495 1
28 6.700e-09 9.823e+01 1.051e-03   6 6e-06 5e-06 0.000484 28620 98.2267995239999436 1
29 1.124e-08 9.823e+01 5.770e-04   7 5e-06 5e-06 0.000500 29640 98.2267995127555906 1
30 2.711e-09 9.823e+01 2.221e-04   7 6e-06 6e-06 0.000516 30632 98.2267995100444011 1
