iter act fun |g| CG cg_time: line_search_time: time num_data f alpha 
 1 2.896e+01 1.582e+02 6.901e+01   7 6e-06 2.4e-05 0.000037 1788 158.1936313860911127 0.25
 2 1.422e+01 1.440e+02 5.828e+01   7 4e-06 2.6e-05 0.000074 3092 143.9764619573825257 0.25
 3 2.366e+01 1.203e+02 3.066e+01   7 3e-06 2.2e-05 0.000105 4382 120.3206697594836214 0.25
 4 6.733e+00 1.136e+02 3.387e+01   7 5e-06 2.3e-05 0.000139 5742 113.5876157852574977 0.25
 5 3.131e+00 1.105e+02 2.574e+01   6 2e-06 1.4e-05 0.000161 6708 110.4570598531326766 0.5
 6 7.752e+00 1.027e+02 1.781e+01   5 3e-06 1.3e-05 0.000183 7678 102.7050684685219721 0.5
 7 5.013e-02 1.027e+02 1.734e+01   6 3e-06 1.4e-05 0.000205 8656 102.6549430252838278 0.5
 8 2.575e+00 1.001e+02 6.727e+00   7 4e-06 1.3e-05 0.000227 9718 100.0795485182075737 0.5
 9 5.049e-01 9.957e+01 7.205e+00   7 4e-06 2e-05 0.000256 11008 99.5746890722580957 0.25
10 2.643e-01 9.931e+01 5.389e+00   7 3e-06 1.9e-05 0.000282 12270 99.3103555276204446 0.25
11 3.634e-01 9.895e+01 5.856e+00   5 2e-06 9e-06 0.000299 12940 98.9469667510729209 1
12 2.577e-01 9.869e+01 3.619e+00   7 3e-06 2.5e-05 0.000332 14416 98.6893137491805987 0.125
13 4.204e-02 9.865e+01 4.537e+00   8 3e-06 1.9e-05 0.000359 15656 98.6472721167435793 0.25
14 2.194e-01 9.843e+01 3.698e+00   7 3e-06 2.4e-05 0.000391 17132 98.4278347226346995 0.125
15 6.149e-02 9.837e+01 2.476e+00   7 3e-06 1.7e-05 0.000416 18394 98.3663441913930825 0.25
16 6.676e-02 9.830e+01 1.492e+00   6 3e-06 1.1e-05 0.000436 19396 98.2995829736739495 0.5
17 2.829e-02 9.827e+01 1.423e+00   8 3e-06 1.1e-05 0.000455 20430 98.2712959869294735 0.5
18 1.297e-02 9.826e+01 1.274e+00   6 2e-06 2.2e-05 0.000485 21912 98.2583253127579752 0.125
19 1.968e-02 9.824e+01 7.155e-01   8 3e-06 2.1e-05 0.000514 23470 98.2386410931868852 0.125
20 5.270e-03 9.823e+01 6.106e-01   8 3e-06 2.1e-05 0.000543 24980 98.2333706914428575 0.125
21 1.414e-03 9.823e+01 4.834e-01   7 2e-06 1.5e-05 0.000566 26228 98.2319564215128054 0.25
22 3.310e-03 9.823e+01 2.911e-01   7 3e-06 1.5e-05 0.000590 27532 98.2286464170407072 0.25
23 9.930e-04 9.823e+01 1.950e-01   8 3e-06 1.5e-05 0.000614 28852 98.2276534215974095 0.25
24 2.588e-04 9.823e+01 2.442e-01   6 3e-06 1.6e-05 0.000637 30172 98.2273945785884450 0.25
25 2.362e-04 9.823e+01 1.375e-01   7 3e-06 1.9e-05 0.000665 31704 98.2271583927363565 0.125
26 2.042e-04 9.823e+01 7.110e-02   7 3e-06 1e-05 0.000684 32738 98.2269541886441147 0.5
27 1.652e-05 9.823e+01 9.484e-02   6 2e-06 1.5e-05 0.000707 33986 98.2269376735223858 0.25
28 6.084e-05 9.823e+01 7.056e-02   6 3e-06 1.5e-05 0.000730 35282 98.2268768323992134 0.25
29 4.016e-05 9.823e+01 4.381e-02   7 3e-06 1.5e-05 0.000753 36572 98.2268366769138339 0.25
30 1.473e-05 9.823e+01 2.532e-02   8 3e-06 1.5e-05 0.000776 37860 98.2268219458151179 0.25
31 4.040e-06 9.823e+01 2.625e-02   8 3e-06 1.5e-05 0.000799 39148 98.2268179056301989 0.25
32 7.912e-06 9.823e+01 2.219e-02   7 2e-06 2e-05 0.000827 40624 98.2268099935693328 0.125
33 4.458e-06 9.823e+01 1.738e-02   7 3e-06 2e-05 0.000855 42114 98.2268055352977427 0.125
34 4.410e-06 9.823e+01 6.415e-03   7 3e-06 2e-05 0.000883 43590 98.2268011254262916 0.125
35 6.089e-07 9.823e+01 6.942e-03   8 3e-06 1.5e-05 0.000906 44878 98.2268005164948619 0.25
36 4.048e-07 9.823e+01 7.170e-03   7 3e-06 1.5e-05 0.000929 46182 98.2268001116823086 0.25
37 3.634e-07 9.823e+01 4.960e-03   6 3e-06 1e-05 0.000947 47160 98.2267997483157131 0.5
38 8.102e-08 9.823e+01 2.721e-03   6 2e-06 1.5e-05 0.000969 48372 98.2267996672923402 0.25
39 1.015e-07 9.823e+01 1.185e-03   7 3e-06 1.4e-05 0.000992 49634 98.2267995657994248 0.25
40 2.482e-08 9.823e+01 1.518e-03   8 3e-06 1.5e-05 0.001015 50874 98.2267995409815171 0.25
41 1.493e-08 9.823e+01 1.413e-03   7 3e-06 2e-05 0.001042 52392 98.2267995260554159 0.125
42 9.367e-09 9.823e+01 4.761e-04   6 3e-06 1.5e-05 0.001065 53664 98.2267995166881320 0.25
